3,2
3,1
3,3
10,222
10,168
10,246
10,4
10,242
10,260
10,258
10,176
10,2
10,3
11,19
9,4
9,6
9,2
9,3
8,15
8,4
8,18
8,14
48,3
48,1
47,4
47,3
47,1
43,4
43,1
40,4
40,1
37,3
37,1
36,3
36,1
34,3
34,1
33,4
33,3
33,1
30,3
30,1
24,3
24,1
20,2
20,3
20,1
12,3
12,2
12,1
11,30
11,29
11,28
11,27
11,26
11,25
11,24
11,23
11,22
11,21
11,20
11,18
11,17
11,16
11,15
11,13
11,11
11,10
11,9
11,8
11,7
11,6
11,5
11,4
11,3
19,2
11,2
19,1
11,1
10,315
10,314
10,313
10,312
10,311
10,310
10,309
19,3
10,308
10,307
10,306
10,305
10,304
10,303
10,302
10,301
10,300
10,299
10,298
10,297
10,296
10,295
10,294
10,293
10,292
10,291
10,290
10,289
10,288
10,287
10,286
10,285
10,284
10,283
10,282
